05 5A 0B 00 00 20 01 02 00 32 00 00 00 00 55 
05 5B 07 00 00 20 01 02 00 32 55

05 5A 07 00 00 20 01 03 00 32 56
05 5B 07 00 00 20 01 03 00 32 56

05 5A 08 00 00 20 01 04 00 46 01 6C
05 5B 07 00 00 20 01 04 00 32 57

05 5A 0A 00 00 20 01 16 00 00 00 00 00 37 
05 5B 0A 00 00 20 01 16 00 32 00 01 00 6a

05 5A 07 00 00 20 01 13 00 32 66 
05 5B 0b 00 00 20 01 13 00 32 68 44 00 00 12

05 5A 0F 00 00 20 01 14 00 14 00 00 00 00 40 00
05 5B 47 00 00 20 01 14 00 32 48 15 00 20 9d 11 00 08 a5 11 00 08 a7 11 00 08 00 00 00 00 00 00 00 00 00 00 00 00 00 00 00 00 00 00 00 00 00 00 00 00 00 00 00 00 a9 11 00 08 00 00 00 00 00 00 00 00 ab 11 00 08 c5 4a 00 08 b5